2020-10-21 21:52:31.178962 2020-10-21 21:52:31.603713 -0.00223856, -0.01153399, -0.00105787, 0.22328824, 0.14238264, 0.0167187, 0.0065006, 0.00550479, 0.00903744, 0.27938533, 0.2532987, 0.23874862 -35
2020-10-21 21:52:31.437991 2020-10-21 21:52:31.855492 -0.00059219, 0.0033841, -0.0074065, 0.0141347, 0.0965247, -0.07642574, 0.0073927, 0.0065335, 0.01100135, 1.0972413, 1.1763103, 1.4500623 -36
2020-10-21 21:52:31.691147 2020-10-21 21:52:32.117058 -0.0022856, -0.01300044, -0.00408248, -0.0654963, 0.01105995, 0.00555787, 0.0062955, 0.00527805, 0.00868195, 0.16204548, 0.1667093, 0.17469013 -35
2020-10-21 21:52:31.951069 2020-10-21 21:52:32.379396 -0.00095185, -0.01185823, -0.00069078, 0.14884917, 0.02784906, 0.00685459, 0.00531381, 0.0044809, 0.00747854, 0.13534069, 0.16212362, 0.16724682 -36
2020-10-21 21:52:32.280461 2020-10-21 21:52:32.707758 0.00179448, -0.00520889, 0.00638307, -0.06575534, 0.02673256, 0.02040974, 0.00217867, 0.00193334, 0.00321865, 0.0863378, 0.09502316, 0.09737152 -36
2020-10-21 21:52:32.773993 2020-10-21 21:52:33.192911 0.00945397, -0.00270502, -0.01280513, 0.1453593, 0.02243592, 0.00558733, 0.00666869, 0.00519955, 0.00864351, 0.13552004, 0.16637671, 0.1654113 -35
2020-10-21 21:52:33.277375 2020-10-21 21:52:33.702526 -0.00195957, 0.00139252, -0.00880638, -0.11082889, -0.08445284, 0.01985208, 0.00393516, 0.00232029, 0.00356841, 0.18688615, 0.1454215, 0.12631935 -35
2020-10-21 21:52:33.777519 2020-10-21 21:52:34.196943 -0.00732144, -0.00462498, -0.00842904, 0.15542524, 0.02742281, 0.00918512, 0.0134477, 0.00494921, 0.00743383, 0.12440497, 0.15103662, 0.15359062 -33
2020-10-21 21:52:34.336653 2020-10-21 21:52:34.758731 0.00242629, 0.01108192, -0.00454182, 0.16758953, 0.03348707, 0.00505505, 0.00198179, 0.0020451, 0.00321561, 0.08504444, 0.10649514, 0.10650909 -34
2020-10-21 21:52:34.778326 2020-10-21 21:52:35.197652 0.01220714, -0.00120745, -0.01079702, -0.06739755, 0.01201862, 0.00586332, 0.00925291, 0.00731528, 0.01175559, 0.19157928, 0.19314516, 0.20406441 -34
2020-10-21 21:52:35.383191 2020-10-21 21:52:35.805742 0.00291622, -0.00485255, 0.00275042, -0.09022027, -0.06593596, 0.02043752, 0.00553536, 0.00396109, 0.00619233, 0.2517802, 0.20480295, 0.18361706 -34
2020-10-21 21:52:35.889476 2020-10-21 21:52:36.312206 -0.01224514, -0.00546808, -0.00157799, -0.23824657, -0.0343414, 0.04526997, 0.00922912, 0.00320005, 0.00497317, 0.24070698, 0.26170027, 0.19612475 -34
2020-10-21 21:52:36.383673 2020-10-21 21:52:36.798431 0.00719281, -0.01132647, -0.00672595, -0.23056324, -0.10052497, 0.01571548, 0.00596273, 0.00534278, 0.00828731, 0.35433984, 0.3892958, 0.29422832 -33
2020-10-21 21:52:36.891408 2020-10-21 21:52:37.303967 0.00259091, -0.00683051, 0.00016035, 0.16066135, 0.02879782, 0.00634698, 0.00314677, 0.0027945, 0.00453436, 0.10335982, 0.12855345, 0.12809336 -33
2020-10-21 21:52:37.383979 2020-10-21 21:52:37.795904 -0.00191668, 0.00143653, -0.00950836, 0.1601366, 0.02940238, 0.00283127, 0.00487071, 0.00290555, 0.00440043, 0.09827811, 0.1223284, 0.12147993 -33
2020-10-21 21:52:37.893065 2020-10-21 21:52:38.312487 0.00507683, -0.00568434, -0.00384462, -0.09047032, -0.06723806, 0.01639073, 0.00563335, 0.0040403, 0.00629103, 0.24722832, 0.19887686, 0.17609131 -34
2020-10-21 21:52:38.391108 2020-10-21 21:52:38.809034 0.00604218, -0.00198767, -0.00855723, 0.15797026, 0.03382667, 0.00362583, 0.00394964, 0.00305039, 0.00529915, 0.10580546, 0.12974149, 0.13169038 -34
2020-10-21 21:52:38.888878 2020-10-21 21:52:39.304134 -0.00943426, -0.0042578, -0.00177968, 0.15542255, 0.02630462, 0.00159165, 0.00997961, 0.00349689, 0.00540143, 0.09907186, 0.12396687, 0.12210703 -32
2020-10-21 21:52:39.388396 2020-10-21 21:52:39.801872 -0.00336316, 0.00573704, -0.00835462, 0.15080673, 0.02571429, -0.00165956, 0.004188, 0.00376189, 0.00660396, 0.11580259, 0.14181912, 0.14137799 -33
2020-10-21 21:52:39.889639 2020-10-21 21:52:40.302352 -6.334e-05, 0.00595862, -0.01095516, 0.03992314, -0.00113867, 0.41032892, 0.00838888, 0.00729561, 0.01225197, 0.7659982, 0.7348986, 0.81670934 -34
2020-10-21 21:52:40.384695 2020-10-21 21:52:40.791217 0.01269963, -0.00169307, -0.00897708, 0.2206719, 0.12067346, 0.01277044, 0.00839782, 0.00662005, 0.01071954, 0.30745322, 0.3005376, 0.28800327 -33
2020-10-21 21:52:40.888263 2020-10-21 21:52:41.298949 0.00517149, -0.00896113, -0.00342122, -0.07915157, -0.06103018, 0.02026314, 0.00525767, 0.00469369, 0.00736284, 0.2691416, 0.22332752, 0.20345183 -33
2020-10-21 21:52:41.489383 2020-10-21 21:52:41.905708 -0.00305944, -0.01197466, -0.00166563, -0.07975456, -0.05621584, 0.01270581, 0.00530148, 0.00447607, 0.00750428, 0.25221276, 0.2041347, 0.17979185 -32
2020-10-21 21:52:42.000272 2020-10-21 21:52:42.408111 -0.00584524, -0.01292612, -0.00048644, 0.16078733, 0.02273851, -0.00136715, 0.00240308, 0.00200844, 0.00362223, 0.08211744, 0.10669076, 0.10135388 -33
2020-10-21 21:52:42.499032 2020-10-21 21:52:42.907148 -0.00113678, -0.00820801, -0.00497195, -0.25081244, -0.08702946, 0.0342426, 0.01095271, 0.00389117, 0.00592697, 0.27925694, 0.30833906, 0.22908586 -32
2020-10-21 21:52:42.996425 2020-10-21 21:52:43.406575 0.00373369, -0.00177693, -0.00663429, -0.0270694, -0.02107989, 0.0092328, 0.01235765, 0.00765449, 0.01083791, 0.33121312, 0.30354863, 0.2962895 -34
2020-10-21 21:52:43.496641 2020-10-21 21:52:43.905434 0.00449071, -0.00505001, -0.00093261, -0.06030842, 0.01732866, 0.02859581, 0.00598508, 0.00429493, 0.00665939, 0.1323958, 0.1425907, 0.14585817 -34
2020-10-21 21:52:43.992371 2020-10-21 21:52:44.398832 -0.00095581, 0.00087045, -0.00626174, 0.15198132, 0.02787849, -0.00276131, 0.00711662, 0.00440061, 0.00648415, 0.11928856, 0.14648527, 0.14574587 -33
2020-10-21 21:52:44.497130 2020-10-21 21:52:44.902194 -0.00383486, -0.01208197, -0.00147544, -0.04786538, 0.0255277, 0.02066395, 0.00394732, 0.00332361, 0.00572598, 0.10624516, 0.11931092, 0.12049752 -35
2020-10-21 21:52:45.001092 2020-10-21 21:52:45.406548 -0.02562221, -0.00065088, -0.00253049, 0.2167491, 0.15750252, 0.02359042, 0.00889134, 0.00308025, 0.00481421, 0.19240145, 0.16281831, 0.14677173 -35
2020-10-21 21:52:45.496633 2020-10-21 21:52:45.893527 -0.00747414, -0.0123927, 0.00129594, -0.0584377, 0.02630342, 0.01891265, 0.0027262, 0.00227344, 0.004058, 0.09031141, 0.10071766, 0.10225582 -36
2020-10-21 21:52:46.010174 2020-10-21 21:52:46.409504 0.00826436, -0.00212445, -0.01373212, 0.2354768, 0.1540695, 0.02108552, 0.00381231, 0.00292522, 0.00511944, 0.20992541, 0.18614674, 0.17134094 -36
2020-10-21 21:52:46.499697 2020-10-21 21:52:46.909482 -0.00724936, -0.00639906, 0.00674618, -0.11976267, -0.09285156, 0.02463946, 0.00580895, 0.00185341, 0.00298905, 0.16346473, 0.12417197, 0.10798538 -36
2020-10-21 21:52:47.006782 2020-10-21 21:52:47.412695 -0.0015954, 0.00393709, -0.00971924, -0.06862621, -0.05480776, 0.01151761, 0.00609648, 0.00545794, 0.00930047, 0.27467537, 0.2292325, 0.20529789 -36
2020-10-21 21:52:47.498754 2020-10-21 21:52:47.901195 0.00085624, -0.00094406, -0.00700039, -0.0858193, -0.06386496, 0.01240797, 0.00763339, 0.00476718, 0.0070011, 0.2449758, 0.1959722, 0.17126352 -36
2020-10-21 21:52:48.001000 2020-10-21 21:52:48.405277 -0.00238735, 0.00522355, -0.00871847, -0.05895552, 0.01893931, 0.02522085, 0.00492221, 0.00441957, 0.00766128, 0.12874621, 0.14003259, 0.14234251 -35
2020-10-21 21:52:48.498073 2020-10-21 21:52:48.900986 0.0090709, -0.00046409, -0.01404518, -0.05542341, 0.02554686, 0.02950478, 0.00489914, 0.00377119, 0.00646287, 0.1128239, 0.12419665, 0.12707573 -34
2020-10-21 21:52:49.007757 2020-10-21 21:52:49.413499 -0.00825741, -0.01190721, 0.00039228, -0.05706008, 0.03814813, 0.03991944, 0.00192708, 0.00160092, 0.00294918, 0.07196349, 0.08159566, 0.08354098 -36
2020-10-21 21:52:49.500389 2020-10-21 21:52:49.902955 0.00285816, 0.00703747, -0.00090835, -0.06529006, 0.01244147, 0.00896979, 0.00472516, 0.00481474, 0.00711411, 0.1412453, 0.14926976, 0.15394235 -36
2020-10-21 21:52:49.998737 2020-10-21 21:52:50.401091 -0.00131121, 0.00441936, -0.00970516, -0.06276434, 0.01101364, 0.00889618, 0.00610364, 0.00544328, 0.00926721, 0.1570934, 0.16408968, 0.17039233 -36
2020-10-21 21:52:50.609324 2020-10-21 21:52:51.006467 0.00021902, 0.00055775, -0.00310907, 0.14361222, 0.02614192, 0.00087669, 0.00858897, 0.00534046, 0.00776535, 0.13437063, 0.16241544, 0.1646812 -36
2020-10-21 21:52:51.100602 2020-10-21 21:52:51.499101 -0.00161987, 0.00279938, -0.00773606, 0.15094645, 0.02788123, 0.00153059, 0.00603461, 0.00368696, 0.00548279, 0.11079472, 0.13406539, 0.13571405 -36
2020-10-21 21:52:51.601080 2020-10-21 21:52:52.000112 0.00231417, -0.00700276, 0.00139523, -0.05479318, 0.02442154, 0.01833943, 0.0033043, 0.00295508, 0.00476092, 0.10183722, 0.11325216, 0.11514294 -35
2020-10-21 21:52:52.105195 2020-10-21 21:52:52.499052 0.00187221, -0.00478776, 0.00990198, 0.16226529, 0.03409482, 0.00223014, 0.00251859, 0.00223643, 0.00370985, 0.09307873, 0.11461866, 0.11670113 -35
2020-10-21 21:52:52.601302 2020-10-21 21:52:52.993926 -0.00184763, 0.00344637, -0.00551433, 0.19864032, 0.12598287, 0.01589512, 0.00834918, 0.00743419, 0.01234102, 0.31249416, 0.29365396, 0.2791373 -36
2020-10-21 21:52:53.103907 2020-10-21 21:52:53.497888 0.00476157, -0.00845115, 0.00097133, -0.06186595, 0.01439844, 0.00351713, 0.00393462, 0.00350493, 0.00561851, 0.12187546, 0.13150942, 0.13386905 -36
2020-10-21 21:52:53.608353 2020-10-21 21:52:54.005940 0.00258664, 0.00555034, -0.00483222, -0.07296988, -0.05177382, 0.01728872, 0.00590944, 0.00601923, 0.00878298, 0.28124464, 0.23356944, 0.21025622 -36
2020-10-21 21:52:54.105927 2020-10-21 21:52:54.493329 -0.0030449, 0.00952914, -0.0021579, 0.1524217, 0.03679488, 0.00613965, 0.00327086, 0.00295722, 0.00527573, 0.10470307, 0.12658131, 0.12967658 -35
2020-10-21 21:52:54.607668 2020-10-21 21:52:55.004541 0.00539028, -0.00592077, -0.00217987, -0.26386443, -0.12269951, 0.08103791, 0.0084976, 0.00609988, 0.00922501, 0.37740684, 0.4180709, 0.32048893 -36
2020-10-21 21:52:55.107287 2020-10-21 21:52:55.499740 0.00467781, -0.0082094, 0.00048486, 0.15367799, 0.02718432, 0.0062505, 0.00364172, 0.00326139, 0.00522244, 0.11016244, 0.13697255, 0.13573033 -34
2020-10-21 21:52:55.605205 2020-10-21 21:52:55.997631 -0.00023848, 0.01396266, -0.00583352, -0.07599351, 0.03651501, 0.02740363, 0.00100905, 0.00104749, 0.00173128, 0.06210315, 0.06829638, 0.07099468 -36
2020-10-21 21:52:56.106516 2020-10-21 21:52:56.495968 0.0072074, -0.00029907, -0.01010963, -0.0607736, 0.03232018, 0.03024308, 0.00285548, 0.00216812, 0.00388795, 0.08543104, 0.09474313, 0.09747273 -36
2020-10-21 21:52:56.609029 2020-10-21 21:52:56.994331 -0.00147285, 0.00178808, -0.00837944, 0.21955857, 0.15751909, 0.01886779, 0.0048303, 0.00289983, 0.00438988, 0.20076942, 0.17532279, 0.1593166 -36
2020-10-21 21:52:57.105449 2020-10-21 21:52:57.490062 -0.00059285, 0.00535091, -0.00957528, -0.0668228, 0.01522745, 0.00623876, 0.00486088, 0.00434607, 0.0075354, 0.13511789, 0.1445834, 0.1474675 -36
2020-10-21 21:52:57.607204 2020-10-21 21:52:58.001838 0.0059141, -0.00795256, -0.00094896, -0.06456825, 0.01989193, 0.02306918, 0.00409824, 0.00367016, 0.00583452, 0.12242675, 0.13203424, 0.13487399 -36
2020-10-21 21:52:58.112317 2020-10-21 21:52:58.500781 0.00496528, -0.00572069, -0.00448081, -0.23608096, -0.07766534, 0.0470843, 0.00651366, 0.00467134, 0.00719279, 0.3254791, 0.35396987, 0.27110732 -35
2020-10-21 21:52:58.611070 2020-10-21 21:52:59.002202 -0.00360773, 0.00511581, -0.00381917, -0.06006684, 0.01648156, 0.01650212, 0.0043323, 0.00388294, 0.00678867, 0.121665, 0.13236201, 0.13465726 -35
2020-10-21 21:52:59.110407 2020-10-21 21:52:59.489489 -0.00510514, 0.0069716, -0.00607882, -0.0603862, 0.03099112, 0.033673, 0.00261176, 0.00237, 0.00430673, 0.08980358, 0.09898657, 0.10205305 -36
2020-10-21 21:52:59.619461 2020-10-21 21:53:00.007813 -0.0030483, 0.00544045, -0.00457561, 0.19856334, 0.13919632, 0.02116288, 0.00471407, 0.00426561, 0.00739217, 0.24049509, 0.21099345, 0.19440204 -36
2020-10-21 21:53:00.227138 2020-10-21 21:53:00.617046 -0.00325138, 0.00484425, -0.00702657, 0.14957581, 0.02042235, 0.00041169, 0.0038411, 0.00346702, 0.00612456, 0.10795587, 0.13560069, 0.13180089 -36
2020-10-21 21:53:00.718335 2020-10-21 21:53:01.102316 0.00203796, -0.00505531, 0.004096, -0.12480928, -0.09293535, 0.01404507, 0.00166744, 0.00115228, 0.00196606, 0.1472919, 0.10956377, 0.09181398 -34
2020-10-21 21:53:01.318672 2020-10-21 21:53:01.701762 -0.00281942, 0.00620367, -0.00691011, 0.15275864, 0.02972178, 0.0002662, 0.00473446, 0.00427812, 0.00740147, 0.12444413, 0.1514579, 0.15293866 -36
2020-10-21 21:53:01.814029 2020-10-21 21:53:02.196649 -0.00760972, -0.00060248, -0.0108406, -0.0786835, -0.06649894, 0.02035341, 0.0170685, 0.00653243, 0.00961232, 0.2840824, 0.23589778, 0.2171806 -34
2020-10-21 21:53:02.616669 2020-10-21 21:53:03.007014 -0.00148388, -0.01225926, -0.00143221, -0.06341032, 0.00797203, -0.0045779, 0.00906694, 0.00769168, 0.0122239, 0.19616371, 0.20056254, 0.20967364 -36
2020-10-21 21:53:03.119928 2020-10-21 21:53:03.502411 -8.622e-05, -0.00467477, 0.0033085, 0.16917954, 0.03059976, -0.00492166, 0.00164634, 0.00145179, 0.0024569, 0.07159316, 0.09188265, 0.0886327 -36
2020-10-21 21:53:03.618104 2020-10-21 21:53:04.003778 -0.00673181, -0.01087277, 0.00022173, -0.1113566, -0.07077855, 0.01712418, 0.00341409, 0.0028646, 0.00500554, 0.205616, 0.15496767, 0.13247555 -36
2020-10-21 21:53:04.119748 2020-10-21 21:53:04.508439 2.032e-05, 0.00101597, -0.00767334, -0.09493247, -0.07235778, 0.01703734, 0.00501448, 0.00300425, 0.00453454, 0.20818502, 0.16557437, 0.14478385 -35
2020-10-21 21:53:04.617511 2020-10-21 21:53:05.003007 -0.00317564, -0.01115766, 0.00060223, 0.15073363, 0.0225828, 0.0005712, 0.00396967, 0.00335562, 0.00578052, 0.10810268, 0.13668573, 0.13200277 -36
2020-10-21 21:53:05.115700 2020-10-21 21:53:05.502227 -0.00272572, -0.01205774, -0.00018487, -0.074102, -0.06096459, 0.00677826, 0.005849, 0.00495154, 0.00823688, 0.26311076, 0.21806806, 0.19249801 -36
2020-10-21 21:53:05.616899 2020-10-21 21:53:06.001699 0.00661294, -0.00129105, -0.01007572, -0.06077456, 0.02508181, 0.02755112, 0.00359344, 0.00275213, 0.00483978, 0.09729981, 0.10745376, 0.109869 -35
2020-10-21 21:53:06.116512 2020-10-21 21:53:06.496027 -0.00074907, 0.0001492, -0.00528151, 0.03871036, 0.09069309, -0.01366485, 0.00504434, 0.00308222, 0.00466651, 0.7869079, 0.867137, 1.0310738 -35
2020-10-21 21:53:06.616753 2020-10-21 21:53:07.001778 -0.00625284, 0.00788619, -0.00190389, 0.23870195, 0.17329825, 0.01977035, 0.00143373, 0.00128764, 0.00247335, 0.15111262, 0.1301043, 0.11526668 -36
2020-10-21 21:53:07.114770 2020-10-21 21:53:07.497172 0.00833424, -0.00223655, -0.01157636, 0.15350069, 0.0266441, 0.00533943, 0.0044437, 0.00342947, 0.00590426, 0.11034572, 0.13697022, 0.1363467 -36
2020-10-21 21:53:07.718312 2020-10-21 21:53:08.095948 -0.0048665, 0.00235455, -0.00591911, 0.16612723, 0.02911977, 0.00376493, 0.00301266, 0.00175166, 0.00274426, 0.07462334, 0.0957588, 0.09351254 -36
2020-10-21 21:53:08.217970 2020-10-21 21:53:08.602294 -0.00124957, 0.00475515, -0.00931218, 0.20802423, 0.13629515, 0.02304972, 0.00628746, 0.00566465, 0.00959158, 0.2721507, 0.24327064, 0.22788443 -35
2020-10-21 21:53:08.716962 2020-10-21 21:53:09.095577 -0.00473496, 0.00166205, -0.00481733, -0.05776517, 0.02366173, 0.01425416, 0.00377351, 0.00221854, 0.00342822, 0.08402699, 0.09415466, 0.09566885 -34
2020-10-21 21:53:09.218506 2020-10-21 21:53:09.592604 0.00164177, 0.00961927, -0.00487783, 0.0271948, -0.014778, 0.24625884, 0.002716, 0.00278735, 0.00430244, 0.49282873, 0.44743913, 0.4540136 -34
2020-10-21 21:53:09.718376 2020-10-21 21:53:10.100920 0.00671906, -0.00214268, -0.01068305, -0.05929544, 0.01864525, 0.01466925, 0.00395536, 0.00304806, 0.00530148, 0.105124, 0.11568993, 0.11766493 -34
2020-10-21 21:53:10.423874 2020-10-21 21:53:10.803395 -0.00089752, 0.00459398, -0.00725978, -0.05761446, 0.01356122, 0.00408585, 0.00740397, 0.00664026, 0.01113707, 0.16327572, 0.17528933, 0.17776412 -32
2020-10-21 21:53:10.919992 2020-10-21 21:53:11.299126 -0.00591504, 0.003007, -0.00715681, -0.120189, -0.09098347, 0.01015205, 0.00257617, 0.00148737, 0.00235999, 0.15136456, 0.11417502, 0.0956701 -34
2020-10-21 21:53:11.521081 2020-10-21 21:53:11.894484 0.00579213, -0.00624399, -0.00189942, 0.14503114, 0.018352, 0.00170995, 0.00586242, 0.0042361, 0.00657839, 0.12379843, 0.15481943, 0.15032762 -34
2020-10-21 21:53:12.018662 2020-10-21 21:53:12.400419 -0.01311072, -0.00318286, -0.00146928, 0.16734263, 0.0314983, -0.00609588, 0.00657535, 0.00214308, 0.00343323, 0.07662964, 0.09665179, 0.09478498 -33
2020-10-21 21:53:12.518266 2020-10-21 21:53:12.897722 -0.00530577, 0.00594934, -0.00476913, 0.23705468, 0.16235833, 0.02300998, 0.00206709, 0.00185716, 0.00345826, 0.1727441, 0.14801842, 0.13312554 -34
2020-10-21 21:53:13.026623 2020-10-21 21:53:13.408004 0.00259428, 0.00821275, -0.00407781, -0.04862467, 0.02505269, 0.02287937, 0.00369251, 0.00379229, 0.00572383, 0.10884029, 0.12197578, 0.12343991 -34
2020-10-21 21:53:13.520024 2020-10-21 21:53:13.901025 -0.00252712, 0.00593498, -0.00831786, -0.2452941, -0.04911063, 0.07319766, 0.00412452, 0.00373149, 0.00653297, 0.27870387, 0.3013308, 0.23063423 -34
2020-10-21 21:53:14.024064 2020-10-21 21:53:14.399871 0.00919852, -0.00024429, -0.01412722, -0.10505658, -0.07011093, 0.0117578, 0.00414526, 0.00317091, 0.00551552, 0.20688272, 0.15528595, 0.1316911 -33
2020-10-21 21:53:14.627058 2020-10-21 21:53:15.002148 -6.644e-05, 0.010974, -0.00679076, 0.16232042, 0.0258024, -0.0060941, 0.00200415, 0.00207406, 0.00327516, 0.07961136, 0.10314614, 0.09772038 -32
2020-10-21 21:53:15.122873 2020-10-21 21:53:15.497146 0.00541002, -0.01052735, -0.00050357, -0.07773274, -0.06610325, 0.01438744, 0.00387114, 0.0034377, 0.00551873, 0.23376238, 0.19564839, 0.17301609 -33
2020-10-21 21:53:15.627552 2020-10-21 21:53:16.001177 -0.00264834, 0.00608415, -0.00843582, 0.14803568, 0.02105521, -0.00357092, 0.00388241, 0.00351101, 0.0061909, 0.10849804, 0.13548142, 0.13206697 -32
2020-10-21 21:53:16.123902 2020-10-21 21:53:16.497904 -0.00407127, -0.01199064, -2.344e-05, -0.08773351, -0.06741298, 0.02233883, 0.0043273, 0.00362349, 0.00619787, 0.2437234, 0.20005687, 0.18082327 -32
2020-10-21 21:53:16.629351 2020-10-21 21:53:17.006712 -0.00124739, -0.01155096, -0.00168956, 0.14397953, 0.02192493, 0.0051164, 0.00634897, 0.00536209, 0.00881892, 0.15026253, 0.17714274, 0.1848042 -32
2020-10-21 21:53:17.122025 2020-10-21 21:53:17.493232 -0.0178592, -0.00053135, -0.00859295, 0.14963745, 0.0231146, 0.00389922, 0.01379943, 0.00513768, 0.00771278, 0.12048018, 0.15056312, 0.1473248 -32
2020-10-21 21:53:17.630594 2020-10-21 21:53:18.003813 -0.00717485, -0.01287194, 0.00146861, -0.0560894, 0.02411799, 0.01790712, 0.00278753, 0.00232494, 0.00414598, 0.09269518, 0.102965, 0.1047526 -32
2020-10-21 21:53:18.126965 2020-10-21 21:53:18.500848 -0.00409302, 0.00414705, -0.00459665, 0.15749891, 0.02785312, 0.00686267, 0.00306612, 0.0027321, 0.00493652, 0.10126394, 0.12500095, 0.12614572 -32
2020-10-21 21:53:18.628974 2020-10-21 21:53:19.005711 0.00937875, -0.0025313, -0.00976978, -0.06278268, 0.00984568, 0.01684738, 0.00828373, 0.00650758, 0.01062477, 0.16341823, 0.17320096, 0.17804754 -32
2020-10-21 21:53:19.229133 2020-10-21 21:53:19.600727 -0.00883351, -0.00603871, 0.00360077, 0.16441818, 0.03114474, 0.00204426, 0.00723159, 0.00239736, 0.00380337, 0.08177716, 0.10344529, 0.10195255 -32
2020-10-21 21:53:19.726178 2020-10-21 21:53:20.096406 -0.00052502, 0.00259255, -0.01115438, 0.018782, 0.09739204, -0.10218842, 0.00745744, 0.00655764, 0.01106268, 1.116766, 1.1963893, 1.4743171 -31
2020-10-21 21:53:20.226874 2020-10-21 21:53:20.606176 0.01042659, -0.00207535, -0.01696627, -0.08420016, -0.06196158, 0.02209672, 0.00647181, 0.00502199, 0.00839263, 0.26605225, 0.21398324, 0.19264644 -32
2020-10-21 21:53:20.726381 2020-10-21 21:53:21.099848 0.00565514, -0.00666281, -0.00041086, 0.14565039, 0.02235867, 0.00286956, 0.00606608, 0.00438362, 0.00679046, 0.1274584, 0.15818524, 0.15550393 -32
2020-10-21 21:53:21.227919 2020-10-21 21:53:21.598653 0.00298988, -0.00355937, 0.00291686, -0.0583338, 0.0371696, 0.03030295, 0.00213254, 0.00149703, 0.00251108, 0.07090544, 0.08071428, 0.08243072 -32
2020-10-21 21:53:21.728665 2020-10-21 21:53:22.105262 -0.01203969, -3.896e-05, -0.01075703, 0.02933789, -0.00220327, 0.29301757, 0.01472443, 0.00550962, 0.00821418, 0.57526445, 0.52712953, 0.54231924 -32
2020-10-21 21:53:22.227986 2020-10-21 21:53:22.604245 0.00439253, -0.00763415, -0.00152338, -0.09755811, -0.06442052, 0.01396106, 0.00420177, 0.00376117, 0.00595736, 0.22970241, 0.1779263, 0.15374905 -32
2020-10-21 21:53:22.728049 2020-10-21 21:53:23.102851 0.00639947, -0.00113911, -0.01083042, 0.23555823, 0.15786551, 0.02026117, 0.00293791, 0.00224358, 0.00400847, 0.18748105, 0.16418338, 0.14943552 -32
2020-10-21 21:53:23.229939 2020-10-21 21:53:23.602558 0.00124763, -0.0002875, -0.00566036, 0.20543449, 0.13911344, 0.01935444, 0.00782955, 0.00486267, 0.00712627, 0.24718934, 0.21970455, 0.20304984 -32
2020-10-21 21:53:23.735885 2020-10-21 21:53:24.100326 0.00353555, -0.00283882, 0.00420991, -0.12700792, -0.0880599, 0.02676968, 0.00270903, 0.00191796, 0.0031566, 0.1829238, 0.13405591, 0.11520213 -32
2020-10-21 21:53:24.328449 2020-10-21 21:53:24.694178 0.00494758, 0.00477416, -0.00366631, 0.14353098, 0.01236882, 0.00637814, 0.00622576, 0.00633323, 0.00915563, 0.16553861, 0.18872847, 0.20598632 -32
2020-10-21 21:53:24.834053 2020-10-21 21:53:25.208212 -0.01396023, -0.00552099, -0.00136101, 0.16015518, 0.02608568, 0.00283064, 0.00812548, 0.00275964, 0.00433213, 0.08630848, 0.11059016, 0.10695791 -32
2020-10-21 21:53:25.329629 2020-10-21 21:53:25.701748 -0.00201416, -0.01136883, 0.00053194, 0.21237344, 0.14099194, 0.01897812, 0.00595093, 0.00503236, 0.00834382, 0.26657474, 0.24158102, 0.2261846 -32
2020-10-21 21:53:25.827936 2020-10-21 21:53:26.198273 0.00612339, -0.00960887, -0.00273813, 0.14544307, 0.01881516, 0.00448604, 0.00666994, 0.00597364, 0.00925541, 0.16689974, 0.190579, 0.20788693 -32
2020-10-21 21:53:26.330020 2020-10-21 21:53:26.703532 -0.01240903, -0.00015834, -0.00745503, 0.14649443, 0.02417968, 0.00157619, 0.01438075, 0.00536388, 0.00804144, 0.12493694, 0.15326858, 0.15206409 -32
2020-10-21 21:53:26.827141 2020-10-21 21:53:27.197259 -0.00611821, -0.01391836, -0.00046312, 0.22982076, 0.14818706, 0.02685203, 0.00306094, 0.00255293, 0.0045045, 0.19979936, 0.17334348, 0.15886599 -32
2020-10-21 21:53:27.330133 2020-10-21 21:53:27.698999 -0.0146166, -0.00197266, -0.00607731, 0.15430598, 0.02705934, 0.00092225, 0.01216042, 0.00441277, 0.00671053, 0.11221415, 0.1390931, 0.13755423 -32
2020-10-21 21:53:27.834633 2020-10-21 21:53:28.197714 0.00355873, 0.00760412, -0.00355962, 0.03213597, -0.00821583, 0.27817696, 0.00439703, 0.0044986, 0.00669104, 0.5773412, 0.53077394, 0.55455923 -32
2020-10-21 21:53:28.430571 2020-10-21 21:53:28.800561 0.00630844, -0.00068607, -0.01056281, -0.06485628, 0.02725909, 0.0269548, 0.00252807, 0.00191796, 0.00347453, 0.0819903, 0.09101093, 0.09306604 -32
2020-10-21 21:53:28.931002 2020-10-21 21:53:29.302818 0.00930699, -0.00109988, -0.01581659, 0.15091848, 0.02477406, -0.00308268, 0.00478667, 0.00368106, 0.00632679, 0.11151928, 0.13843113, 0.13574392 -32
2020-10-21 21:53:29.431455 2020-10-21 21:53:29.799591 0.00083005, -0.00521012, 0.00560529, -0.0587419, 0.03769774, 0.04093296, 0.00166583, 0.00147808, 0.00249088, 0.07028604, 0.07894045, 0.08131098 -32
2020-10-21 21:53:29.938187 2020-10-21 21:53:30.305800 0.00623982, -0.00152583, -0.01050768, -0.06186656, 0.02318385, 0.01978472, 0.00311208, 0.00237966, 0.00422949, 0.0919438, 0.10176069, 0.10374999 -32
2020-10-21 21:53:30.530829 2020-10-21 21:53:30.897502 -0.01524214, -0.00226132, -0.00244832, -0.06172432, 0.0301481, 0.03293002, 0.00879031, 0.00301856, 0.0047282, 0.090325, 0.10022628, 0.10250115 -32
2020-10-21 21:53:31.031696 2020-10-21 21:53:31.396745 -0.01531562, -0.00535793, 0.00086207, 0.16177768, 0.0253773, 0.00193305, 0.00762606, 0.00256455, 0.0040496, 0.08247524, 0.1063326, 0.10224205 -31
2020-10-21 21:53:31.532190 2020-10-21 21:53:31.901403 0.00897744, 0.00047912, -0.01415344, -0.12081081, -0.08301792, 0.02085663, 0.00292629, 0.00221354, 0.0039711, 0.18288428, 0.13438207, 0.11397135 -32
2020-10-21 21:53:32.032529 2020-10-21 21:53:32.402645 -0.0217561, -0.00030885, -0.00410488, -0.05079732, 0.02646127, 0.02053965, 0.01067269, 0.00381124, 0.00585973, 0.09970719, 0.11189389, 0.11393058 -31
2020-10-21 21:53:32.537024 2020-10-21 21:53:32.896676 0.0059828, -0.00585753, 0.00105, 0.15806854, 0.02219052, 0.00034535, 0.00307721, 0.00218457, 0.0035575, 0.08748847, 0.11296982, 0.10781944 -31
2020-10-21 21:53:33.035204 2020-10-21 21:53:33.394877 0.0100457, -0.00107354, -0.01705965, 0.20477024, 0.14728208, 0.02376881, 0.00423521, 0.00324082, 0.00562566, 0.21172553, 0.18160345, 0.16487843 -32
2020-10-21 21:53:33.536669 2020-10-21 21:53:33.904365 0.00957628, -0.00216767, -0.01533903, 0.15047929, 0.01903745, 0.00179206, 0.00536352, 0.00413686, 0.00702488, 0.11594582, 0.14707625, 0.14159739 -32
2020-10-21 21:53:34.028802 2020-10-21 21:53:34.390872 0.01105769, -0.00129255, -0.00795767, -0.07282544, -0.05691588, 0.0223426, 0.00705296, 0.0055182, 0.00909054, 0.29060054, 0.24372303, 0.22789532 -31
2020-10-21 21:53:34.532913 2020-10-21 21:53:34.890968 0.00467674, -0.00536852, -0.00281008, -0.05501818, 0.02390504, 0.0189015, 0.0042429, 0.00301802, 0.00480419, 0.10622317, 0.117764, 0.11961132 -31
2020-10-21 21:53:35.036914 2020-10-21 21:53:35.401175 -0.00189213, 0.0042718, -0.00979834, 0.14338751, 0.02217656, 0.00371633, 0.00580072, 0.0051899, 0.00888419, 0.14147258, 0.16875136, 0.17263073 -32
2020-10-21 21:53:35.532555 2020-10-21 21:53:35.898025 0.00861237, -0.00313912, -0.01394193, 0.20626213, 0.14103146, 0.02332424, 0.00579697, 0.00449628, 0.00758314, 0.24326402, 0.21193741, 0.19590354 -31
2020-10-21 21:53:36.034473 2020-10-21 21:53:36.394666 0.00823623, 0.00104884, -0.01031607, 0.15812732, 0.029361, -0.00065584, 0.00357664, 0.0027287, 0.00480205, 0.09623981, 0.12092006, 0.11842096 -32
2020-10-21 21:53:36.533707 2020-10-21 21:53:36.892887 0.00505591, -0.00766548, -0.00165056, 0.20094606, 0.14977773, 0.02241211, 0.00352997, 0.00314909, 0.00503969, 0.2139777, 0.18280917, 0.16570652 -32
2020-10-21 21:53:37.033656 2020-10-21 21:53:37.399186 -0.00516739, -0.01428555, -0.00072523, -0.05354693, 0.01897652, 0.0148224, 0.00363064, 0.00303519, 0.00526965, 0.10804439, 0.11933541, 0.1204775 -31
2020-10-21 21:53:37.535969 2020-10-21 21:53:37.901943 -0.0052102, 0.00409024, -0.00726387, -0.13013093, -0.09394816, 0.03340129, 0.00293702, 0.00170785, 0.00267935, 0.16778237, 0.1235792, 0.10749024 -34
2020-10-21 21:53:38.036780 2020-10-21 21:53:38.400585 0.00968248, -0.00098969, -0.01619281, -0.0557251, 0.02288937, 0.02830366, 0.00492918, 0.00379407, 0.00649506, 0.1151213, 0.12628323, 0.12892324 -32
2020-10-21 21:53:38.538776 2020-10-21 21:53:38.901814 0.00405518, -0.00615359, 0.00365824, -0.11507881, -0.08741015, 0.01594887, 0.00190365, 0.00131232, 0.00221837, 0.15669465, 0.11966926, 0.1011166 -34
2020-10-21 21:53:39.139904 2020-10-21 21:53:39.506150 -0.00109005, 0.00300138, -0.00921675, -0.05426564, 0.01188556, -0.00153657, 0.00652278, 0.00582916, 0.00987714, 0.15319669, 0.16481084, 0.16710716 -34
2020-10-21 21:53:39.638214 2020-10-21 21:53:39.999351 0.00813159, -0.00271274, -0.01429958, 0.14795534, 0.02383418, -0.00012439, 0.00573796, 0.00444871, 0.00751609, 0.12279832, 0.15254098, 0.14992583 -34
2020-10-21 21:53:40.236686 2020-10-21 21:53:40.600553 -0.00342939, 0.00083131, -0.00492098, -0.05674784, 0.02180788, 0.01457009, 0.00461018, 0.00274533, 0.0041762, 0.09430164, 0.10492194, 0.10650069 -33
2020-10-21 21:53:40.836084 2020-10-21 21:53:41.198852 -0.00170123, 0.00055564, -0.00620559, 0.2370573, 0.15371846, 0.02203074, 0.00465632, 0.00276679, 0.00419927, 0.19870915, 0.17530006, 0.16112727 -34
2020-10-21 21:53:41.340854 2020-10-21 21:53:41.704258 0.00918306, -0.00196441, -0.01233046, -0.04718099, 0.02131474, 0.0117077, 0.00552231, 0.00427258, 0.00722945, 0.11879092, 0.13232642, 0.13417053 -33
2020-10-21 21:53:41.937931 2020-10-21 21:53:42.294527 0.00423069, -0.00848725, 0.00041077, 0.15755649, 0.02421986, 0.002825, 0.00270242, 0.00239664, 0.0039255, 0.09299898, 0.11773556, 0.11491764 -34
2020-10-21 21:53:42.438317 2020-10-21 21:53:42.798993 -0.00236908, 0.00573923, -0.00941697, 0.15571927, 0.02800681, 0.00351134, 0.00392997, 0.00353766, 0.00622952, 0.11355525, 0.13957572, 0.1400029 -34
2020-10-21 21:53:42.937044 2020-10-21 21:53:43.289312 0.00459173, 0.00523787, -0.0031136, 0.0308668, -0.00090493, 0.29905564, 0.00560492, 0.00574833, 0.00838369, 0.6190349, 0.5712347, 0.59719294 -34
2020-10-21 21:53:43.439148 2020-10-21 21:53:43.800850 0.00963173, 0.00082192, -0.01573323, 0.16616644, 0.02757782, -0.0029055, 0.00201756, 0.00151187, 0.00279933, 0.07075774, 0.09119439, 0.08785057 -34
2020-10-21 21:53:43.937255 2020-10-21 21:53:44.299835 -0.00645595, -0.01195058, 0.00250767, -0.05838146, 0.02188944, 0.01965145, 0.0030418, 0.00254273, 0.00450236, 0.09728909, 0.10772002, 0.10970789 -33
2020-10-21 21:53:44.434714 2020-10-21 21:53:44.792227 0.00026941, -0.00588383, 0.00268759, 0.23646536, 0.16841003, 0.02281766, 0.0018239, 0.00161183, 0.0027051, 0.16581291, 0.14013451, 0.12525505 -34
2020-10-21 21:53:45.036630 2020-10-21 21:53:45.393773 0.00513951, -0.00491504, 0.00106176, -0.05069554, 0.02465052, 0.02483356, 0.00452864, 0.00325012, 0.00515056, 0.107364, 0.11949098, 0.12150121 -32
2020-10-21 21:53:45.538122 2020-10-21 21:53:45.899136 -0.00224008, 0.00159179, -0.00855515, -0.06072962, 0.02519431, 0.02118266, 0.00520635, 0.00314105, 0.00473911, 0.10066724, 0.1114161, 0.11348319 -32
2020-10-21 21:53:46.139956 2020-10-21 21:53:46.501553 0.00997996, -0.00224575, -0.01430881, 0.01731396, -0.00741477, 0.21451727, 0.00587207, 0.00454688, 0.00765073, 0.5470939, 0.49952352, 0.49508607 -34
2020-10-21 21:53:46.638549 2020-10-21 21:53:46.995798 -0.00501482, 0.00680935, -0.00568807, -0.11925073, -0.0835999, 0.03147954, 0.00213486, 0.00191617, 0.00356162, 0.18134397, 0.13539398, 0.11820334 -33
2020-10-21 21:53:47.140436 2020-10-21 21:53:47.495283 -0.00500995, 0.00604248, -0.00548671, 0.16474353, 0.03245132, 0.00031094, 0.00257188, 0.00230473, 0.00420409, 0.0906077, 0.11357939, 0.11238456 -34
2020-10-21 21:53:47.739351 2020-10-21 21:53:48.097644 0.00493147, -0.00635456, 0.00104358, -0.09769433, -0.07311128, 0.0139936, 0.00340158, 0.00238645, 0.00386131, 0.19953346, 0.15752006, 0.1362446 -34
2020-10-21 21:53:48.239682 2020-10-21 21:53:48.596596 0.00711068, -0.00274558, -0.01127048, 0.02514068, -0.02080504, 0.19346102, 0.00412041, 0.0031777, 0.0055055, 0.51789343, 0.47313273, 0.48592097 -34
2020-10-21 21:53:48.738701 2020-10-21 21:53:49.097924 -0.00315332, -0.01129594, -0.00034463, -0.04830948, 0.0221493, 0.01728422, 0.0045113, 0.00381732, 0.00649828, 0.11557692, 0.12868041, 0.13068724 -33
2020-10-21 21:53:49.241198 2020-10-21 21:53:49.601364 -0.00926453, -0.01308803, 0.00103575, -0.12046705, -0.08877051, 0.01938883, 0.00180727, 0.0014922, 0.00276911, 0.16350263, 0.1225673, 0.10462117 -33
2020-10-21 21:53:49.845481 2020-10-21 21:53:50.197560 -0.02196452, 0.00156569, -0.00754194, 0.1464776, 0.02136841, 0.00067429, 0.01504451, 0.00569487, 0.0085085, 0.12455714, 0.15637547, 0.15135133 -33
2020-10-21 21:53:50.340584 2020-10-21 21:53:50.696098 -0.00832723, -0.01187469, -1.718e-05, -0.11456019, -0.0845682, 0.02379186, 0.00214326, 0.00177151, 0.00323367, 0.17823029, 0.13718337, 0.11960703 -33
2020-10-21 21:53:50.837856 2020-10-21 21:53:51.196521 -0.0184332, -0.00125801, -0.00464558, -0.05529878, 0.02808889, 0.03617576, 0.01022118, 0.00360882, 0.00558668, 0.09814042, 0.10863698, 0.11159724 -33
2020-10-21 21:53:51.450427 2020-10-21 21:53:51.801298 0.00080576, 0.01205289, -0.00364257, 0.16317514, 0.02855518, -0.00465583, 0.00187522, 0.00193799, 0.00306004, 0.08032822, 0.10134405, 0.0993889 -33
2020-10-21 21:53:51.940664 2020-10-21 21:53:52.294852 0.00178112, -0.00045541, -0.00685982, -0.222648, -0.05402223, 0.04446292, 0.00920373, 0.00579375, 0.0083912, 0.3239783, 0.3543445, 0.27035093 -34
2020-10-21 21:53:52.441117 2020-10-21 21:53:52.795077 0.002807, 0.00576296, -0.00282724, 0.14804818, 0.02286764, 0.00224434, 0.00469959, 0.00481671, 0.00714719, 0.12554705, 0.15686917, 0.15305561 -33
2020-10-21 21:53:52.941677 2020-10-21 21:53:53.301021 -0.0041601, -0.01194333, -0.0004797, -0.09619714, -0.06598464, 0.00848649, 0.00340694, 0.00287408, 0.00501823, 0.20094448, 0.15272713, 0.12800378 -32
2020-10-21 21:53:53.541284 2020-10-21 21:53:53.892858 0.00977599, -0.00173789, -0.01535233, 0.14836909, 0.01938929, 0.00228785, 0.00513893, 0.00395912, 0.00674826, 0.11422831, 0.14432985, 0.1391353 -33
2020-10-21 21:53:54.041090 2020-10-21 21:53:54.397344 -0.0061287, 0.00738318, -0.00416441, 0.17118163, 0.03277539, -0.00540542, 0.00164062, 0.00148022, 0.00280166, 0.07076186, 0.09052974, 0.08786058 -33
2020-10-21 21:53:54.549223 2020-10-21 21:53:54.902211 -0.00308549, -0.01189294, -0.00088971, 0.2164079, 0.14182968, 0.02687093, 0.00421715, 0.00356519, 0.0061031, 0.2257778, 0.19205815, 0.17714024 -33
2020-10-21 21:53:55.043451 2020-10-21 21:53:55.395822 0.01139477, -0.00107785, -0.01250758, 0.14700913, 0.02453812, 0.00462168, 0.00594449, 0.00460786, 0.00772977, 0.13053685, 0.15791935, 0.16011375 -33
2020-10-21 21:53:55.542963 2020-10-21 21:53:55.901140 -0.00366102, -0.01101156, -0.00083538, 0.14557628, 0.02062516, 0.00106497, 0.00482762, 0.00408196, 0.00690866, 0.12007087, 0.15001523, 0.14566004 -33
2020-10-21 21:53:56.225620 2020-10-21 21:53:56.581998 0.00010944, -4.452e-05, -0.00743437, -0.08928838, -0.05755374, 0.01685298, 0.00767595, 0.00477612, 0.00699466, 0.24559309, 0.19568324, 0.1709674 -33
2020-10-21 21:53:56.736706 2020-10-21 21:53:57.091070 -0.00664131, -0.0112316, -0.00105526, -0.06326362, 0.02755438, 0.02550561, 0.00304341, 0.0025388, 0.00447696, 0.09745127, 0.1073091, 0.10952479 -33
2020-10-21 21:53:57.231824 2020-10-21 21:53:57.582115 0.00568431, -0.00923007, -0.00043169, -0.09120911, -0.06909509, 0.0112207, 0.00514948, 0.00463665, 0.00724572, 0.25474513, 0.20408215, 0.17913187 -33
2020-10-21 21:53:57.731168 2020-10-21 21:53:58.089279 -0.00132791, 0.00413078, -0.01013049, -0.05115818, -0.04130642, 0.01702066, 0.00702453, 0.00620914, 0.01049745, 0.31034553, 0.27019233, 0.25782716 -33
2020-10-21 21:53:58.233296 2020-10-21 21:53:58.590817 -0.00256545, 0.00553135, -0.00684319, 0.14656237, 0.02055119, -0.00026253, 0.00511515, 0.00465578, 0.00800157, 0.12398976, 0.15577018, 0.15035927 -32
2020-10-21 21:53:58.738904 2020-10-21 21:53:59.095762 -0.00686749, -0.01380417, -0.00032071, -0.10264696, -0.07461752, 0.0138144, 0.00264287, 0.00219816, 0.0039323, 0.18913347, 0.14709395, 0.12599069 -33
2020-10-21 21:53:59.331583 2020-10-21 21:53:59.686719 0.00145493, 0.00952191, -0.00250076, -0.05422266, 0.02499756, 0.01905728, 0.00233996, 0.00240934, 0.00374919, 0.08879972, 0.09947044, 0.10097444 -33
2020-10-21 21:53:59.936857 2020-10-21 21:54:00.281389 0.00442728, -0.00870403, 0.0009236, 0.21393612, 0.14191516, 0.0253291, 0.00399309, 0.00358468, 0.00569326, 0.22446978, 0.19148362, 0.17599458 -33
2020-10-21 21:54:00.431459 2020-10-21 21:54:00.783276 0.00592448, -0.00700869, 0.00177577, -0.06164004, 0.01584483, 0.01174984, 0.00456154, 0.00320005, 0.00507367, 0.1179505, 0.12760824, 0.12962347 -33
2020-10-21 21:54:00.938072 2020-10-21 21:54:01.291134 0.00142095, -0.00367092, 0.00124409, 0.18834057, 0.03850332, 0.00456438, 0.00100744, 0.00067735, 0.00120002, 0.05211926, 0.06797522, 0.06632834 -34
2020-10-21 21:54:01.434540 2020-10-21 21:54:01.790238 -0.00506411, 0.00482539, -0.00368604, -0.05522966, 0.02646724, 0.02060351, 0.00236839, 0.00212824, 0.00391781, 0.08445525, 0.09492588, 0.09632009 -32
2020-10-21 21:54:01.938329 2020-10-21 21:54:02.289101 0.0049996, -0.00519001, -0.0039701, 0.14637303, 0.02121035, 0.00110649, 0.00587368, 0.00421464, 0.00653565, 0.12712312, 0.15495247, 0.1544897 -33
2020-10-21 21:54:02.531588 2020-10-21 21:54:02.875492 -0.00223721, 0.00481404, -0.00492047, -0.05773794, 0.01610596, 0.01011837, 0.00498498, 0.00447625, 0.007743, 0.12980622, 0.14155, 0.14370847 -33
2020-10-21 21:54:03.034696 2020-10-21 21:54:03.380845 0.00753795, -0.00095991, -0.01255957, 0.22425058, 0.15799357, 0.02302132, 0.00303376, 0.00230491, 0.00411755, 0.1849351, 0.15616429, 0.14057153 -33
2020-10-21 21:54:03.538992 2020-10-21 21:54:03.890355 -0.00166561, 0.00427073, -0.01056488, -0.05905484, 0.01474504, 0.01421393, 0.00563872, 0.0050413, 0.00865674, 0.14228332, 0.15368736, 0.15563124 -33
2020-10-21 21:54:04.038362 2020-10-21 21:54:04.384211 0.00319217, -0.00372228, 0.00010578, 0.21761078, 0.16387363, 0.01391631, 0.00360167, 0.002554, 0.00411129, 0.206411, 0.18127815, 0.16435236 -33
2020-10-21 21:54:04.538883 2020-10-21 21:54:04.893195 0.00173231, 0.00731249, -0.00351494, -0.23637486, -0.05093763, 0.03725756, 0.00298351, 0.00305504, 0.00466526, 0.25875825, 0.28362393, 0.21177147 -33
2020-10-21 21:54:05.036625 2020-10-21 21:54:05.385999 -0.01353055, -0.00552515, 4.573e-05, 0.0346359, 0.10153221, 0.09315037, 0.00692242, 0.00228059, 0.00363851, 0.7511362, 0.82975674, 0.99330854 -33
2020-10-21 21:54:05.634456 2020-10-21 21:54:05.983480 -0.00365644, 0.00229084, -0.00636706, -0.06229843, 0.02639761, 0.02818338, 0.00419176, 0.00248605, 0.00380337, 0.09060895, 0.09979963, 0.10228282 -33
2020-10-21 21:54:06.138410 2020-10-21 21:54:06.484025 -0.00365159, -0.01184198, 0.00045052, -0.0460398, 0.02610006, 0.02008087, 0.0038411, 0.00324351, 0.00560456, 0.1043998, 0.11731428, 0.119133 -33
2020-10-21 21:54:06.732341 2020-10-21 21:54:07.079450 -0.00270205, 0.00838818, -0.00487232, -0.26569858, -0.04172246, 0.14120978, 0.00401509, 0.00365549, 0.00639993, 0.2699318, 0.29162246, 0.22665755 -33
2020-10-21 21:54:07.337392 2020-10-21 21:54:07.690184 -0.01712206, -0.00127575, -0.00646362, -0.0633106, 0.02147585, 0.01948614, 0.01133609, 0.00406516, 0.00621486, 0.11408401, 0.12272269, 0.12688172 -33
2020-10-21 21:54:07.839855 2020-10-21 21:54:08.192086 -0.01088781, -0.00280045, 0.00037074, -0.0611979, 0.02361616, 0.02979196, 0.01109326, 0.00394964, 0.00606716, 0.10621351, 0.11650854, 0.11919433 -34
2020-10-21 21:54:08.337540 2020-10-21 21:54:08.686683 0.00856279, 0.00028268, -0.01383106, 0.21955064, 0.15751188, 0.02269626, 0.00350189, 0.00266665, 0.00470263, 0.19924128, 0.1700347, 0.15407127 -33
2020-10-21 21:54:08.837757 2020-10-21 21:54:09.188287 0.00877766, -0.00100084, -0.01395535, -0.09466916, -0.066877, 0.01599204, 0.00621074, 0.00481617, 0.00808257, 0.25466537, 0.20021778, 0.17598347 -32
2020-10-21 21:54:09.435538 2020-10-21 21:54:09.779715 -0.00656357, -0.01117565, 0.00137233, 0.15612088, 0.0298289, -0.00543387, 0.00313175, 0.00262642, 0.00462878, 0.09474403, 0.12072372, 0.11580044 -33
2020-10-21 21:54:09.938806 2020-10-21 21:54:10.285591 0.00608971, -0.00966379, -0.00348092, 0.20696896, 0.1347364, 0.02018616, 0.00558722, 0.0050084, 0.00780326, 0.26167578, 0.23278606, 0.21671607 -33
2020-10-21 21:54:10.434966 2020-10-21 21:54:10.785093 -0.00582751, -0.01152964, 0.00018213, 0.15524732, 0.0272228, -0.00282027, 0.00331289, 0.00278324, 0.00487661, 0.09731233, 0.12431431, 0.11899155 -32
2020-10-21 21:54:10.934508 2020-10-21 21:54:11.285128 0.00387228, -0.00701397, 0.00310373, 0.15773448, 0.02310512, -0.00133397, 0.00267416, 0.00238931, 0.00389582, 0.09041977, 0.11589485, 0.11109978 -33
2020-10-21 21:54:11.440931 2020-10-21 21:54:11.787253 0.00377095, -0.00637958, 0.00258788, -0.0544224, 0.02387464, 0.01794801, 0.00318521, 0.00223839, 0.00364405, 0.09141541, 0.10207504, 0.103598 -33
2020-10-21 21:54:11.940578 2020-10-21 21:54:12.291359 0.00271333, 0.00908294, -0.00305592, -0.11003441, -0.07210984, 0.03599732, 0.00336385, 0.00346237, 0.00525856, 0.22561651, 0.17065394, 0.15074962 -32
2020-10-21 21:54:12.435932 2020-10-21 21:54:12.778168 0.00381001, -0.00615106, 0.00273641, 0.15997677, 0.02728042, 0.00290616, 0.00307274, 0.00216097, 0.00352782, 0.08955467, 0.11407238, 0.11098498 -33
2020-10-21 21:54:12.940928 2020-10-21 21:54:13.290917 0.00510548, -0.00483919, -0.00123849, 0.15141566, 0.02179807, -0.00417323, 0.00415009, 0.00297028, 0.00473034, 0.10216248, 0.12932754, 0.12431091 -33
2020-10-21 21:54:13.536744 2020-10-21 21:54:13.885177 -0.00245965, -0.01135728, 0.00149443, 0.21223345, 0.14318804, 0.02159484, 0.00513929, 0.00436592, 0.0073337, 0.24669814, 0.21481258, 0.19884197 -33
2020-10-21 21:54:14.036061 2020-10-21 21:54:14.375312 0.0100046, -0.00251165, -0.0143481, 0.20452309, 0.13630901, 0.02273195, 0.00672734, 0.00524318, 0.0087086, 0.26207238, 0.23350275, 0.2176482 -33
2020-10-21 21:54:14.536837 2020-10-21 21:54:14.881266 0.0111664, -0.00313049, -0.01269856, 0.22206628, 0.12460444, 0.01730466, 0.0084334, 0.00663847, 0.01078069, 0.3043633, 0.2919032, 0.27958077 -33
2020-10-21 21:54:15.148985 2020-10-21 21:54:15.498656 -0.00252077, 0.00064216, -0.00651824, -0.05056551, 0.03155671, 0.02951784, 0.00491935, 0.00300908, 0.00456011, 0.09238046, 0.10447276, 0.10666555 -33
2020-10-21 21:54:15.738494 2020-10-21 21:54:16.084233 0.00315463, -0.00787044, 0.00213815, -0.05232638, 0.03018442, 0.0285827, 0.00212377, 0.00187951, 0.00312603, 0.08040226, 0.09048915, 0.09202784 -33
2020-10-21 21:54:16.236742 2020-10-21 21:54:16.583868 -0.01301201, -0.00547955, -0.00385809, 0.16197194, 0.02683712, -9.779e-05, 0.00731832, 0.0024401, 0.00386399, 0.08097464, 0.10369742, 0.10021949 -33
